+------+-----+-----+-------+-------+-------+-------+-------+-------+-----------+----------+-----------+
|    k | A   | B   |    x1 |    x2 |    x3 |    y1 |    y2 |    y3 |   Верхняя |   Нижняя |         ε |
+======+=====+=====+=======+=======+=======+=======+=======+=======+===========+==========+===========+
|    1 | x1  | y1  |    19 |     6 |     8 |    19 |     7 |     3 |   19      |   3      | 16        |
+------+-----+-----+-------+-------+-------+-------+-------+-------+-----------+----------+-----------+
|    2 | x1  | y3  |    22 |    15 |    19 |    38 |    14 |     6 |   11      |   3      |  8        |
+------+-----+-----+-------+-------+-------+-------+-------+-------+-----------+----------+-----------+
|    3 | x1  | y3  |    25 |    24 |    30 |    57 |    21 |     9 |   10      |   3      |  7        |
+------+-----+-----+-------+-------+-------+-------+-------+-------+-----------+----------+-----------+
|    4 | x3  | y3  |    28 |    33 |    41 |    65 |    23 |    20 |   10.25   |   5      |  5.25     |
+------+-----+-----+-------+-------+-------+-------+-------+-------+-----------+----------+-----------+
|    5 | x3  | y3  |    31 |    42 |    52 |    73 |    25 |    31 |   10.4    |   5      |  5.4      |
+------+-----+-----+-------+-------+-------+-------+-------+-------+-----------+----------+-----------+
|    6 | x3  | y2  |    38 |    51 |    54 |    81 |    27 |    42 |    9      |   4.5    |  4.5      |
+------+-----+-----+-------+-------+-------+-------+-------+-------+-----------+----------+-----------+
|    7 | x3  | y2  |    45 |    60 |    56 |    89 |    29 |    53 |    8.5714 |   4.1429 |  4.42857  |
+------+-----+-----+-------+-------+-------+-------+-------+-------+-----------+----------+-----------+
|    8 | x2  | y2  |    52 |    69 |    58 |    95 |    38 |    62 |    8.625  |   4.75   |  3.875    |
+------+-----+-----+-------+-------+-------+-------+-------+-------+-----------+----------+-----------+
|    9 | x2  | y2  |    59 |    78 |    60 |   101 |    47 |    71 |    8.6667 |   5.2222 |  3.44444  |
+------+-----+-----+-------+-------+-------+-------+-------+-------+-----------+----------+-----------+
|   10 | x2  | y2  |    66 |    87 |    62 |   107 |    56 |    80 |    8.7    |   5.6    |  3.1      |
+------+-----+-----+-------+-------+-------+-------+-------+-------+-----------+----------+-----------+
| 3161 | x2  | y3  | 24891 | 26166 | 25216 | 25942 | 25957 | 25849 |    8.2778 |   8.1775 |  0.100285 |
+------+-----+-----+-------+-------+-------+-------+-------+-------+-----------+----------+-----------+
| 3162 | x2  | y3  | 24894 | 26175 | 25227 | 25948 | 25966 | 25858 |    8.278  |   8.1777 |  0.100253 |
+------+-----+-----+-------+-------+-------+-------+-------+-------+-----------+----------+-----------+
| 3163 | x2  | y3  | 24897 | 26184 | 25238 | 25954 | 25975 | 25867 |    8.2782 |   8.178  |  0.100221 |
+------+-----+-----+-------+-------+-------+-------+-------+-------+-----------+----------+-----------+
| 3164 | x2  | y3  | 24900 | 26193 | 25249 | 25960 | 25984 | 25876 |    8.2784 |   8.1783 |  0.10019  |
+------+-----+-----+-------+-------+-------+-------+-------+-------+-----------+----------+-----------+
| 3165 | x2  | y3  | 24903 | 26202 | 25260 | 25966 | 25993 | 25885 |    8.2787 |   8.1785 |  0.100158 |
+------+-----+-----+-------+-------+-------+-------+-------+-------+-----------+----------+-----------+
| 3166 | x2  | y3  | 24906 | 26211 | 25271 | 25972 | 26002 | 25894 |    8.2789 |   8.1788 |  0.100126 |
+------+-----+-----+-------+-------+-------+-------+-------+-------+-----------+----------+-----------+
| 3167 | x2  | y3  | 24909 | 26220 | 25282 | 25978 | 26011 | 25903 |    8.2791 |   8.179  |  0.100095 |
+------+-----+-----+-------+-------+-------+-------+-------+-------+-----------+----------+-----------+
| 3168 | x2  | y3  | 24912 | 26229 | 25293 | 25984 | 26020 | 25912 |    8.2794 |   8.1793 |  0.100063 |
+------+-----+-----+-------+-------+-------+-------+-------+-------+-----------+----------+-----------+
| 3169 | x2  | y3  | 24915 | 26238 | 25304 | 25990 | 26029 | 25921 |    8.2796 |   8.1796 |  0.100032 |
+------+-----+-----+-------+-------+-------+-------+-------+-------+-----------+----------+-----------+
| 3170 | x2  | y3  | 24918 | 26247 | 25315 | 25996 | 26038 | 25930 |    8.2798 |   8.1798 |  0.1      |
+------+-----+-----+-------+-------+-------+-------+-------+-------+-----------+----------+-----------+