1. Стохастическая матрица доверия:
[[0.018 0.086 0.046 0.182 0.165 0.135 0.112 0.177 0.079]
 [0.165 0.088 0.041 0.089 0.022 0.143 0.167 0.149 0.136]
 [0.09  0.135 0.138 0.134 0.112 0.094 0.108 0.099 0.089]
 [0.023 0.23  0.133 0.203 0.066 0.013 0.236 0.047 0.05 ]
 [0.2   0.062 0.131 0.056 0.053 0.227 0.077 0.081 0.114]
 [0.191 0.074 0.045 0.18  0.073 0.11  0.118 0.066 0.143]
 [0.173 0.097 0.16  0.171 0.017 0.072 0.037 0.185 0.087]
 [0.133 0.045 0.137 0.075 0.109 0.141 0.077 0.13  0.153]
 [0.045 0.03  0.059 0.136 0.1   0.152 0.169 0.167 0.142]]

2. Моделирование без управления:
Начальные мнения агентов: [11.039  5.912  3.573  6.867  3.602 15.9   19.325  3.717  7.364]
Сходимость достигнута на итерации 10
Итоговые мнения агентов: [8.897 8.897 8.897 8.897 8.897 8.897 8.897 8.897 8.897]

3. Моделирование с информационным управлением:
Агенты первого игрока: [1 4]
Агенты второго игрока: [3 8]
Нейтральные агенты: [0 7 6 2 5]
Начальные мнения с учетом управления: [ 18.602  22.902  17.28  -12.824  30.924   8.506   9.99   15.408 -12.645]
Сходимость достигнута на итерации 10
Итоговые мнения агентов: [9.432 9.432 9.432 9.432 9.432 9.432 9.432 9.432 9.432]
Выиграл первый игрок