Парето-оптимальные ситуации (индексы строк и столбцов): [(0, 5), (1, 3), (3, 6), (5, 4), (5, 5), (8, 6), (9, 2)]
Равновесия Нэша в чистых стратегиях: []
Матрица выигрышей:
(63, -72) (-94, 89) (-30, -38) (-43, -65) (88, -74) (73, 89) (39, -78) (51, 8) (-92, -93) (-77, -45) 
(-41, 29) (54, -94) (43, -50) (83, 66) (79, 39) (7, -44) (14, 50) (-29, -99) (94, -60) (78, 8) 
(-13, -29) (-61, -45) (95, -14) (-74, -77) (-3, -76) (-9, -12) (54, -33) (-89, 86) (17, 37) (-69, -4) 
(-80, 41) (-25, 60) (58, -8) (47, -51) (80, -83) (-89, 69) (-42, 97) (-26, -80) (-41, -75) (-3, -29) 
(16, 62) (-7, -59) (-6, -10) (-47, 71) (-32, 79) (74, 65) (-82, 55) (62, -57) (36, 86) (-38, -59) 
(18, -3) (-31, 63) (76, 42) (-44, 75) (-17, 96) (98, -86) (-42, -92) (-20, 2) (-32, -84) (-46, 45) 
(83, -20) (-46, 67) (27, 1) (64, 17) (-64, -33) (-65, -37) (90, 43) (37, -33) (91, 49) (9, 49) 
(2, -8) (-44, -65) (30, 26) (-77, 93) (-88, -72) (-61, 60) (-60, 74) (8, 52) (-84, -2) (-3, 52) 
(19, 35) (-36, 41) (-98, 74) (84, -71) (74, 37) (92, -32) (96, 64) (-13, -72) (-25, 11) (-60, 16) 
(-100, 84) (84, -33) (28, 95) (-55, 29) (-73, 60) (-24, 63) (29, 55) (-50, -61) (-5, 95) (-59, 38) 

==================================================
ЗАДАНИЕ 2: Анализ игры для варианта 9
==================================================
Матрица выигрышей для варианта 9:
Первый игрок (строка):
  Стратегия 1: (5, 1), (10, 4)
  Стратегия 2: (8, 6), (6, 9)
Второй игрок (столбец):
  Стратегия 1: (5, 1), (8, 6)
  Стратегия 2: (10, 4), (6, 9)

Результаты анализа:
Равновесия Нэша в чистых стратегиях: [(0, 1)]
Смешанного равновесия не найдено

Дополнительный анализ:
В ситуации (0, 1):
  Выигрыш первого игрока: 10
  Выигрыш второго игрока: 4
  Проверка устойчивости:
    Первому игроку невыгодно менять стратегию (10 >= 6)
    Второму игроку невыгодно менять стратегию (4 >= 1)